# oST version 5.0 parameters


[image]

width
640

height
480

[narrow_stereo]

camera matrix
408.126249 0.000000 319.036630
0.000000 408.876822 235.335804
0.000000 0.000000 1.000000

distortion
-0.325698 0.111425 0.002560 0.000459 0.000000

rectification
1.000000 0.000000 0.000000
0.000000 1.000000 0.000000
0.000000 0.000000 1.000000

projection
320.555878 0.000000 318.943164 0.000000
0.000000 357.640411 235.272134 0.000000
0.000000 0.000000 1.000000 0.000000
